0.015
0.015
0.015
0.015
0.015
0.015
0.015
0.015
0.015
0.015
0.015
0.015
0.015
0.015
0.015
0.015
0.01
0.01
0.01
0.01
0.015
0.015
0.015
0.015
0.015
0.015
0.015
0.015
0.015
0.015
0.015
0.015
0.015
0.015
0.015
0.015
0.015
0.015
0.015
0.02
0.03
0.05
0.07
0.08
0.07
0.05
0.03
0.02
0.01
0.01
0.005
0.005
0.01
0.015
0.015
0.015
0.03
0.075
0.14
0.175
0.095
-0.105
-0.325
-0.47
-0.5
-0.405
-0.225
-0.06
0.02
0.055
0.065
0.065
0.065
0.065
0.065
0.07
0.075
0.075
0.075
0.08
0.08
0.08
0.08
0.08
0.09
0.095
0.095
0.1
0.105
0.11
0.11
0.115
0.12
0.125
0.13
0.13
0.13
0.13
0.13
0.13
0.13
0.13
0.13
0.13
0.13
0.125
0.115
0.11
0.105
0.1
0.095
0.08
0.065
0.055
0.045
0.035
0.025
0.02
0.015
0.015
0.015
0.015
0.015
0.015
0.015
0.015
0.015
0.015
