0.37824
0.180498
0.0623351
0.0217526
0.0463685
0.0184253
0.0214672
0.030623
0.0096087
0.0145395
0.0255964
0.0260255
0.0143201
0.0118819
0.00682171
0.0142546
0.00559101
0.00883747
0.0132065
0.00257829
0.0194863
0.0258519
0.0114623
0.0116465
0.00255442
0.0055964
0.00891614
0.00285843
0.0047802
0.0157896
0.00794276
0.048868
0.0319307
0.0094663
0.00340069
0.00751328
0.00288072
0.000550806
0.00613442
0.0101937
0.0109245
0.0356868
0.0563415
0.0180194
0.0156948
0.00147966
0.00892171
0.00572524
0.000897449
0.00534777
0.0109076
0.00658763
0.040514
0.0254393
0.010208
0.00594534
0.00920305
0.00599849
0.00429727
0.00663111
0.0126777
0.0128954
0.0465668
0.0554812
0.0114739
0.0165179
0.00826181
0.00318445
0.00970929
0.00393469
0.0040063
0.0166063
0.0169263
0.0433973
0.0240714
0.0143729
0.0035254
0.00720353
0.00540958
0.00339844
0.00327279
0.00813793
0.0055668
0.0270883
0.0314079
0.00889807
0.0085004
0.00697855
0.000668012
0.00716995
0.00367029
0.00378181
0.0152144
0.0215939
0.0437594
0.0171487
0.0170665
0.00271139
0.00529099
0.00624314
0.000350423
0.00449964
0.014753
0.0125575
0.0394468
0.0338
0.0164167
0.0117187
0.00660393
0.00294219
0.00584488
0.0033121
0.00712458
0.0162338
0.0236637
0.0431793
0.017981
0.0195805
0.00234343
0.0066022
0.00845605
0.00289494
0.00303403
0.0176861
0.013929
0.0421665
0.0298086
0.0211624
0.0101287
0.00796142
0.00507169
0.00624852
0.00570307
0.0112391
0.0186704
0.0288481
0.0381067
0.0181675
0.0186173
0.00318321
0.00478279
0.00595465
0.00327656
0.00441168
0.017581
0.0155813
0.0372397
0.0234219
0.021486
0.00991954
0.00722826
0.00318088
0.00586927
0.00451156
0.0123304
0.0182574
0.02884
0.032204
0.0186399
0.0192202
0.00487449
0.00187136
0.00837056
0.00468847
0.00712051
0.0199568
0.0175286
0.0331785
0.0190775
0.0227489
0.00458759
0.00548693
0.00554763
0.00482399
0.00587025
0.0144829
0.0153443
0.0250277
0.0254042
0.0187295
0.0155197
0.00408664
0.00117387
0.00662056
0.00487332
0.00706007
0.0172925
0.0147195
0.0257096
0.013346
0.0196745
0.00198405
0.00470311
0.00589807
0.00297484
0.00665994
0.0137546
0.0141707
0.0204556
0.0158224
0.019464
0.0116879
0.00396955
0.0017915
0.00324477
0.00862253
0.00792484
0.0139178
0.0120369
0.0176811
0.0125353
0.0154611
0.00265003
0.00396601
0.00314091
0.00514764
0.00520204
0.0131855
0.0124526
0.017581
0.0127437
0.0165107
0.00741676
0.00491605
0.00263608
0.00421013
0.00617406
0.00867606
0.0139482
0.011398
0.0137352
0.012495
0.0115331
0.00272942
0.00182391
0.00338051
0.00448429
0.00593873
0.0103052
0.00675732
0.00979184
0.00674168
0.0107556
0.00436927
0.00277716
0.000757812
0.00274645
0.00453186
0.00496633
0.00782741
0.00642676
0.00636641
0.00623286
0.0071824
0.00233483
0.00204909
0.00154016
0.00404146
0.00513652
0.00776298
0.0052944
0.00573747
0.00473217
0.00791202
0.00265062
0.00143828
0.00215892
0.00193729
0.00401424
0.00612667
0.00578053
0.00468243
0.00508048
0.00723244
0.00557307
0.00114907
0.000146386
0.00166522
0.00296232
0.0031318
0.00537429
0.00334781
0.00530638
0.00435573
0.00604769
0.00061696
0.00143372
0.00146916
0.00146005
0.00304282
0.00345128
0.00297795
0.00228127
0.00179674
0.00364987
0.00175786
0.00240744
0.000521022
0.00100168
0.00247634
0.00186014
0.00223352
0.00103968
0.00200135
0.00213888
0.00276216
0.00154869
0.00125995
0.000390845
0.00213638
0.00195847
0.00190078
0.00210385
0.00313308
0.00192453
0.00346493
0.00163771
0.00146702
0.000485076
0.00104597
0.0031599
0.00138453
0.00316227
0.00123204
0.00138562
0.00302017
0.00176018
0.000606175
0.000894575
0.000468162
0.00266624
0.000590765
0.00238555
0.000761491
0.000768775
0.0013073
0.00162179
0.00141911
0.00115652
0.000943733
0.000564808
0.00146614
0.00239402
0.000734805
0.00187437
0.000932972
0.0020454
0.00160805
0.000378847
0.000632851
0.000335562
0.00176431
0.0020812
0.00184467
0.0012135
6.80164e-05
0.0023846
0.00222637
0.00104707
0.000550767
0.00135064
0.00131647
0.00188046
0.00215441
0.00113998
0.000461388
0.00178964
0.00183978
0.00210627
0.0008281
0.000607737
0.00158907
0.00161144
0.000367523
0.00162613
0.000608329
0.00229909
0.00196
0.00210436
0.000289348
0.000964174
0.00080112
0.00148064
0.000735364
0.00201802
0.000324922
0.00109136
0.00146874
0.00268905
0.000173412
0.00328236
0.00131661
0.00209737
0.000555845
0.00249328
0.000802559
0.00139239
0.00108375
0.00235083
0.00134948
0.00191759
0.000739682
0.00131375
0.000895101
0.000985972
0.000882521
0.0013085
0.00129128
0.000421514
0.00348332
0.00295824
0.000904595
0.00204107
0.00148484
0.00167156
0.00153018
0.00388708
0.000890132
0.00165321
0.00231307
0.00333942
0.00134613
0.00361492
0.00484821
0.00301694
0.00512599
0.00415565
0.00322367
0.000841254
0.00597138
0.00250235
0.00162275
0.000559209
0.00057022
0.00242535
0.00280719
0.0032111
0.0020684
0.00451867
0.00301038
0.000690058
0.00175612
0.00418024
0.00213063
0.00246146
0.00227439
0.000552724
0.00163803
0.0017932
0.00090635
0.0031386
0.0033602
0.000463762
0.00147131
0.00134751
0.000871693
0.00088752
0.00376825
0.0014142
0.00356589
0.0012739
0.000652925
0.00196487
0.00135408
0.00296569
0.00363045
0.00371596
0.00246205
0.00414336
0.00207019
0.0140848
0.0119568
0.00120565
0.00556982
0.00465881
0.0122955
0.00627609
0.0157702
0.0169198
0.0187139
0.0346706
0.0478147
0.0274129
0.0353463
0.0467077
0.0366039
0.0668964
0.0413163
0.0177717
0.0111125
0.0484306
0.0248604
0.0278312
0.00247281
0.0221644
0.00551493
0.0131918
0.00748575
0.00577666
0.01101
0.00346014
0.00103329
0.0124784
0.00379895
0.00741519
0.00426849
0.00790268
0.00160895
0.000877233
0.0041973
0.00229519
0.00157488
0.0014041
